,id,1,2,3,4,5,6,7,8,9,10
0,1000.jpg,0.015,0.06,0.08,0.095,0.18,0.245,0.19,0.1,0.025,0.01
1,10000.jpg,0.03225806451612903,0.06451612903225806,0.04838709677419355,0.1774193548387097,0.3172043010752688,0.1774193548387097,0.11290322580645161,0.043010752688172046,0.016129032258064516,0.010752688172043012
2,10002.jpg,0.026455026455026454,0.07407407407407407,0.19047619047619047,0.31746031746031744,0.18518518518518517,0.15343915343915343,0.042328042328042326,0.010582010582010581,0.0,0.0
3,100050.jpg,0.0,0.009146341463414634,0.03048780487804878,0.11585365853658537,0.3231707317073171,0.24695121951219512,0.15853658536585366,0.08231707317073171,0.03353658536585366,0.0
4,10006.jpg,0.0213903743315508,0.0427807486631016,0.10160427807486631,0.1711229946524064,0.2727272727272727,0.22459893048128343,0.10695187165775401,0.0427807486631016,0.0106951871657754,0.0053475935828877
5,10007.jpg,0.033707865168539325,0.0,0.07865168539325842,0.1348314606741573,0.14606741573033707,0.2247191011235955,0.1797752808988764,0.11235955056179775,0.056179775280898875,0.033707865168539325
6,10009.jpg,0.0,0.0,0.0,0.0898876404494382,0.1348314606741573,0.24719101123595505,0.2247191011235955,0.12359550561797752,0.0898876404494382,0.0898876404494382
7,10010.jpg,0.060109289617486336,0.04918032786885246,0.12568306010928962,0.19672131147540983,0.22950819672131148,0.14754098360655737,0.12021857923497267,0.03825136612021858,0.02185792349726776,0.01092896174863388
8,10011.jpg,0.016042780748663103,0.0213903743315508,0.058823529411764705,0.13903743315508021,0.20320855614973263,0.22459893048128343,0.1925133689839572,0.11229946524064172,0.016042780748663103,0.016042780748663103
9,10014.jpg,0.033707865168539325,0.02247191011235955,0.056179775280898875,0.25842696629213485,0.30337078651685395,0.19101123595505617,0.0898876404494382,0.02247191011235955,0.011235955056179775,0.011235955056179775
10,100152.jpg,0.01910828025477707,0.044585987261146494,0.12738853503184713,0.25477707006369427,0.31210191082802546,0.13694267515923567,0.06687898089171974,0.01910828025477707,0.009554140127388535,0.009554140127388535
11,10016.jpg,0.016129032258064516,0.03763440860215054,0.06451612903225806,0.16666666666666666,0.1989247311827957,0.25806451612903225,0.13978494623655913,0.053763440860215055,0.043010752688172046,0.021505376344086023
12,10019.jpg,0.0449438202247191,0.056179775280898875,0.056179775280898875,0.2247191011235955,0.23595505617977527,0.24719101123595505,0.07865168539325842,0.02247191011235955,0.033707865168539325,0.0
13,100194.jpg,0.0031645569620253164,0.006329113924050633,0.04746835443037975,0.21518987341772153,0.31962025316455694,0.22784810126582278,0.10126582278481013,0.05379746835443038,0.015822784810126583,0.00949367088607595
14,100196.jpg,0.0,0.012269938650306749,0.05214723926380368,0.15950920245398773,0.3006134969325153,0.25153374233128833,0.12269938650306748,0.06134969325153374,0.03374233128834356,0.006134969325153374
15,1004.jpg,0.00975609756097561,0.02926829268292683,0.03902439024390244,0.1073170731707317,0.17073170731707318,0.2048780487804878,0.14146341463414633,0.18536585365853658,0.07804878048780488,0.03414634146341464
16,1005.jpg,0.0,0.020100502512562814,0.10050251256281408,0.16080402010050251,0.21608040201005024,0.1658291457286432,0.17587939698492464,0.09045226130653267,0.05527638190954774,0.01507537688442211
17,1006.jpg,0.009950248756218905,0.014925373134328358,0.0945273631840796,0.07960199004975124,0.14427860696517414,0.15422885572139303,0.1691542288557214,0.15422885572139303,0.10945273631840796,0.06965174129353234
18,1008.jpg,0.029850746268656716,0.04477611940298507,0.08955223880597014,0.14925373134328357,0.22388059701492538,0.1791044776119403,0.15422885572139303,0.05472636815920398,0.05472636815920398,0.01990049751243781
19,101.jpg,0.11320754716981132,0.25471698113207547,0.20754716981132076,0.20754716981132076,0.07547169811320754,0.08490566037735849,0.018867924528301886,0.018867924528301886,0.018867924528301886,0.0
20,1010.jpg,0.025510204081632654,0.05102040816326531,0.14285714285714285,0.1989795918367347,0.17346938775510204,0.1683673469387755,0.12755102040816327,0.061224489795918366,0.04081632653061224,0.01020408163265306
21,1013.jpg,0.0049504950495049506,0.01485148514851485,0.06930693069306931,0.09900990099009901,0.1782178217821782,0.16831683168316833,0.20297029702970298,0.15346534653465346,0.07920792079207921,0.0297029702970297
22,1016.jpg,0.005025125628140704,0.06030150753768844,0.04522613065326633,0.11055276381909548,0.1658291457286432,0.20100502512562815,0.15577889447236182,0.1306532663316583,0.09547738693467336,0.03015075376884422
23,1017.jpg,0.01485148514851485,0.024752475247524754,0.10396039603960396,0.18811881188118812,0.22277227722772278,0.1782178217821782,0.16831683168316833,0.054455445544554455,0.0297029702970297,0.01485148514851485
24,1023.jpg,0.07575757575757576,0.16161616161616163,0.12121212121212122,0.21717171717171718,0.15151515151515152,0.10606060606060606,0.10606060606060606,0.045454545454545456,0.005050505050505051,0.010101010101010102
25,1024.jpg,0.03015075376884422,0.02512562814070352,0.07035175879396985,0.12060301507537688,0.18090452261306533,0.2562814070351759,0.1306532663316583,0.12060301507537688,0.04020100502512563,0.02512562814070352
26,1025.jpg,0.004878048780487805,0.01951219512195122,0.03414634146341464,0.08292682926829269,0.15121951219512195,0.2146341463414634,0.1951219512195122,0.1902439024390244,0.08292682926829269,0.024390243902439025
27,1030.jpg,0.015151515151515152,0.045454545454545456,0.13131313131313133,0.18686868686868688,0.26262626262626265,0.16666666666666666,0.1111111111111111,0.05555555555555555,0.015151515151515152,0.010101010101010102
28,1031.jpg,0.0,0.039603960396039604,0.09405940594059406,0.13366336633663367,0.23267326732673269,0.25742574257425743,0.13366336633663367,0.07425742574257425,0.024752475247524754,0.009900990099009901
29,1033.jpg,0.024390243902439025,0.0975609756097561,0.17073170731707318,0.15609756097560976,0.2146341463414634,0.13170731707317074,0.11707317073170732,0.07317073170731707,0.00975609756097561,0.004878048780487805
30,1034.jpg,0.014925373134328358,0.03980099502487562,0.11940298507462686,0.18407960199004975,0.263681592039801,0.208955223880597,0.14427860696517414,0.01990049751243781,0.0,0.004975124378109453
31,1035.jpg,0.17326732673267325,0.16336633663366337,0.2722772277227723,0.19801980198019803,0.10891089108910891,0.04950495049504951,0.019801980198019802,0.009900990099009901,0.0,0.0049504950495049506
32,1036.jpg,0.09900990099009901,0.14356435643564355,0.18316831683168316,0.21287128712871287,0.18316831683168316,0.0594059405940594,0.07425742574257425,0.024752475247524754,0.01485148514851485,0.0049504950495049506
33,1037.jpg,0.14,0.24,0.275,0.17,0.1,0.03,0.015,0.02,0.0,0.01
34,1038.jpg,0.004878048780487805,0.014634146341463415,0.1024390243902439,0.13170731707317074,0.2097560975609756,0.2146341463414634,0.14634146341463414,0.11219512195121951,0.04390243902439024,0.01951219512195122
35,1039.jpg,0.0,0.07425742574257425,0.13861386138613863,0.24752475247524752,0.25742574257425743,0.14356435643564355,0.07920792079207921,0.034653465346534656,0.01485148514851485,0.009900990099009901
36,1042.jpg,0.04477611940298507,0.11940298507462686,0.16417910447761194,0.1791044776119403,0.22388059701492538,0.16417910447761194,0.05970149253731343,0.03482587064676617,0.0,0.009950248756218905
37,1046.jpg,0.03571428571428571,0.11224489795918367,0.19387755102040816,0.25510204081632654,0.18877551020408162,0.14795918367346939,0.03571428571428571,0.015306122448979591,0.01020408163265306,0.00510204081632653
38,1047.jpg,0.05970149253731343,0.06467661691542288,0.18407960199004975,0.23383084577114427,0.19900497512437812,0.15422885572139303,0.03980099502487562,0.04477611940298507,0.014925373134328358,0.004975124378109453
39,1048.jpg,0.024630541871921183,0.07881773399014778,0.11822660098522167,0.15270935960591134,0.2315270935960591,0.2019704433497537,0.10344827586206896,0.04433497536945813,0.034482758620689655,0.009852216748768473
40,1051.jpg,0.01990049751243781,0.06965174129353234,0.1044776119402985,0.22388059701492538,0.25870646766169153,0.15422885572139303,0.0945273631840796,0.04975124378109453,0.009950248756218905,0.014925373134328358
41,1052.jpg,0.004878048780487805,0.07804878048780488,0.0975609756097561,0.16585365853658537,0.2,0.1902439024390244,0.14634146341463414,0.06829268292682927,0.02926829268292683,0.01951219512195122
42,1054.jpg,0.009852216748768473,0.034482758620689655,0.10344827586206896,0.10344827586206896,0.11330049261083744,0.16748768472906403,0.1921182266009852,0.15763546798029557,0.07389162561576355,0.04433497536945813
43,1055.jpg,0.0196078431372549,0.0392156862745098,0.04411764705882353,0.14215686274509803,0.21568627450980393,0.22058823529411764,0.1715686274509804,0.09313725490196079,0.04411764705882353,0.00980392156862745
44,1057.jpg,0.115,0.15,0.2,0.185,0.16,0.11,0.055,0.01,0.01,0.005
45,106.jpg,0.0,0.0,0.0,0.0,0.01818181818181818,0.045454545454545456,0.11818181818181818,0.2545454545454545,0.2636363636363636,0.3
46,107.jpg,0.0990990990990991,0.08108108108108109,0.23423423423423423,0.24324324324324326,0.17117117117117117,0.0990990990990991,0.036036036036036036,0.018018018018018018,0.018018018018018018,0.0
47,108.jpg,0.09009009009009009,0.12612612612612611,0.15315315315315314,0.18018018018018017,0.1891891891891892,0.11711711711711711,0.08108108108108109,0.02702702702702703,0.036036036036036036,0.0
48,109.jpg,0.044642857142857144,0.044642857142857144,0.08928571428571429,0.15178571428571427,0.16071428571428573,0.13392857142857142,0.1875,0.125,0.0625,0.0
49,1097.jpg,0.009708737864077669,0.043689320388349516,0.04854368932038835,0.13592233009708737,0.2087378640776699,0.24271844660194175,0.16990291262135923,0.06796116504854369,0.043689320388349516,0.02912621359223301
50,1098.jpg,0.014705882352941176,0.029411764705882353,0.07352941176470588,0.16176470588235295,0.25,0.22058823529411764,0.13725490196078433,0.05392156862745098,0.0392156862745098,0.0196078431372549
51,1100.jpg,0.04926108374384237,0.13793103448275862,0.2315270935960591,0.2955665024630542,0.1724137931034483,0.04926108374384237,0.029556650246305417,0.019704433497536946,0.0,0.014778325123152709
52,1104.jpg,0.01990049751243781,0.06467661691542288,0.13930348258706468,0.1691542288557214,0.25870646766169153,0.16417910447761194,0.1044776119402985,0.04477611940298507,0.029850746268656716,0.004975124378109453
53,1105.jpg,0.43434343434343436,0.16666666666666666,0.19696969696969696,0.0707070707070707,0.07575757575757576,0.025252525252525252,0.015151515151515152,0.010101010101010102,0.0,0.005050505050505051
54,1106.jpg,0.024630541871921183,0.08374384236453201,0.1625615763546798,0.28078817733990147,0.21182266009852216,0.11822660098522167,0.04926108374384237,0.04433497536945813,0.014778325123152709,0.009852216748768473
55,1107.jpg,0.04854368932038835,0.0970873786407767,0.0825242718446602,0.1553398058252427,0.13106796116504854,0.16019417475728157,0.16990291262135923,0.07281553398058252,0.05339805825242718,0.02912621359223301
56,1108.jpg,0.004901960784313725,0.014705882352941176,0.06862745098039216,0.10784313725490197,0.14215686274509803,0.18627450980392157,0.19117647058823528,0.13725490196078433,0.10294117647058823,0.04411764705882353
57,1109.jpg,0.02926829268292683,0.01951219512195122,0.08292682926829269,0.12195121951219512,0.18048780487804877,0.22926829268292684,0.15121951219512195,0.07317073170731707,0.07804878048780488,0.03414634146341464
58,1111.jpg,0.04878048780487805,0.1024390243902439,0.16097560975609757,0.14634146341463414,0.18048780487804877,0.15121951219512195,0.09268292682926829,0.07317073170731707,0.024390243902439025,0.01951219512195122
59,1112.jpg,0.01485148514851485,0.034653465346534656,0.07920792079207921,0.15841584158415842,0.23267326732673269,0.19306930693069307,0.13366336633663367,0.0891089108910891,0.039603960396039604,0.024752475247524754
60,1113.jpg,0.024630541871921183,0.054187192118226604,0.10837438423645321,0.18226600985221675,0.2561576354679803,0.18226600985221675,0.10837438423645321,0.054187192118226604,0.024630541871921183,0.0049261083743842365
61,1115.jpg,0.06467661691542288,0.09950248756218906,0.16417910447761194,0.16417910447761194,0.19900497512437812,0.1044776119402985,0.11940298507462686,0.03482587064676617,0.014925373134328358,0.03482587064676617
62,1116.jpg,0.01990049751243781,0.05472636815920398,0.0945273631840796,0.263681592039801,0.208955223880597,0.12935323383084577,0.11442786069651742,0.07960199004975124,0.014925373134328358,0.01990049751243781
63,1117.jpg,0.024390243902439025,0.04878048780487805,0.13170731707317074,0.18536585365853658,0.2,0.12682926829268293,0.18536585365853658,0.06341463414634146,0.024390243902439025,0.00975609756097561
64,1118.jpg,0.0049504950495049506,0.01485148514851485,0.034653465346534656,0.06435643564356436,0.10396039603960396,0.18811881188118812,0.2376237623762376,0.20297029702970298,0.10396039603960396,0.04455445544554455
65,1119.jpg,0.12871287128712872,0.14356435643564355,0.2079207920792079,0.19801980198019803,0.16336633663366337,0.06435643564356436,0.039603960396039604,0.04455445544554455,0.0049504950495049506,0.0049504950495049506
66,1120.jpg,0.041025641025641026,0.05641025641025641,0.07179487179487179,0.12307692307692308,0.19487179487179487,0.1641025641025641,0.15897435897435896,0.10256410256410256,0.06153846153846154,0.02564102564102564
67,1121.jpg,0.04020100502512563,0.11055276381909548,0.18090452261306533,0.27638190954773867,0.23618090452261306,0.10552763819095477,0.03015075376884422,0.005025125628140704,0.010050251256281407,0.005025125628140704
68,1122.jpg,0.014705882352941176,0.06862745098039216,0.10294117647058823,0.12745098039215685,0.18137254901960784,0.16666666666666666,0.14705882352941177,0.10294117647058823,0.058823529411764705,0.029411764705882353
69,1123.jpg,0.015151515151515152,0.04040404040404041,0.06060606060606061,0.09595959595959595,0.2222222222222222,0.15656565656565657,0.16666666666666666,0.14646464646464646,0.06060606060606061,0.03535353535353535
70,1124.jpg,0.0,0.009900990099009901,0.0297029702970297,0.06435643564356436,0.22277227722772278,0.2079207920792079,0.20297029702970298,0.15841584158415842,0.07920792079207921,0.024752475247524754
71,1125.jpg,0.004878048780487805,0.07804878048780488,0.1024390243902439,0.17073170731707318,0.18536585365853658,0.1951219512195122,0.14146341463414633,0.08780487804878048,0.01951219512195122,0.014634146341463415
72,1126.jpg,0.009852216748768473,0.04926108374384237,0.11330049261083744,0.21182266009852216,0.2019704433497537,0.1921182266009852,0.10344827586206896,0.059113300492610835,0.04433497536945813,0.014778325123152709
73,1127.jpg,0.235,0.16,0.18,0.125,0.125,0.06,0.065,0.03,0.005,0.015
74,1129.jpg,0.03431372549019608,0.09313725490196079,0.23039215686274508,0.2647058823529412,0.1715686274509804,0.09313725490196079,0.07352941176470588,0.029411764705882353,0.0,0.00980392156862745
75,1130.jpg,0.019801980198019802,0.039603960396039604,0.0297029702970297,0.12376237623762376,0.16831683168316833,0.1485148514851485,0.16336633663366337,0.13366336633663367,0.08415841584158416,0.0891089108910891
76,1131.jpg,0.0,0.05392156862745098,0.0392156862745098,0.09313725490196079,0.16176470588235295,0.20098039215686275,0.22549019607843138,0.10294117647058823,0.058823529411764705,0.06372549019607843
77,1132.jpg,0.0,0.0049261083743842365,0.024630541871921183,0.08866995073891626,0.10344827586206896,0.21674876847290642,0.2413793103448276,0.18719211822660098,0.08866995073891626,0.04433497536945813
78,1133.jpg,0.015,0.055,0.11,0.115,0.24,0.15,0.17,0.1,0.025,0.02
79,1134.jpg,0.04020100502512563,0.11055276381909548,0.20603015075376885,0.17587939698492464,0.23618090452261306,0.12562814070351758,0.08040201005025126,0.01507537688442211,0.005025125628140704,0.005025125628140704
80,1135.jpg,0.04807692307692308,0.14423076923076922,0.12980769230769232,0.15865384615384615,0.21634615384615385,0.12980769230769232,0.0625,0.04807692307692308,0.02403846153846154,0.038461538461538464
81,1136.jpg,0.020202020202020204,0.07575757575757576,0.15151515151515152,0.23737373737373738,0.22727272727272727,0.12121212121212122,0.10606060606060606,0.045454545454545456,0.010101010101010102,0.005050505050505051
82,1138.jpg,0.004975124378109453,0.014925373134328358,0.06467661691542288,0.10945273631840796,0.1791044776119403,0.208955223880597,0.19900497512437812,0.15920398009950248,0.03980099502487562,0.01990049751243781
83,1139.jpg,0.06565656565656566,0.08585858585858586,0.20707070707070707,0.2474747474747475,0.20202020202020202,0.12121212121212122,0.045454545454545456,0.005050505050505051,0.010101010101010102,0.010101010101010102
84,1140.jpg,0.019417475728155338,0.043689320388349516,0.05825242718446602,0.11165048543689321,0.18446601941747573,0.18446601941747573,0.19902912621359223,0.11165048543689321,0.06310679611650485,0.024271844660194174
85,1141.jpg,0.009950248756218905,0.009950248756218905,0.07462686567164178,0.12437810945273632,0.14925373134328357,0.1691542288557214,0.23880597014925373,0.11442786069651742,0.07462686567164178,0.03482587064676617
86,1142.jpg,0.04591836734693878,0.10714285714285714,0.22448979591836735,0.25510204081632654,0.21428571428571427,0.0663265306122449,0.07653061224489796,0.00510204081632653,0.0,0.00510204081632653
87,1143.jpg,0.004975124378109453,0.024875621890547265,0.0845771144278607,0.11940298507462686,0.17412935323383086,0.18407960199004975,0.18407960199004975,0.14427860696517414,0.06467661691542288,0.014925373134328358
88,1144.jpg,0.08585858585858586,0.10606060606060606,0.19696969696969696,0.21212121212121213,0.18686868686868688,0.1111111111111111,0.06565656565656566,0.020202020202020204,0.010101010101010102,0.005050505050505051
89,1145.jpg,0.00975609756097561,0.05365853658536585,0.13658536585365855,0.2048780487804878,0.28292682926829266,0.18048780487804877,0.05365853658536585,0.03902439024390244,0.03414634146341464,0.004878048780487805
90,1146.jpg,0.04060913705583756,0.08629441624365482,0.18781725888324874,0.24873096446700507,0.20304568527918782,0.1319796954314721,0.06598984771573604,0.025380710659898477,0.005076142131979695,0.005076142131979695
91,1147.jpg,0.005128205128205128,0.02564102564102564,0.06666666666666667,0.09230769230769231,0.17435897435897435,0.15897435897435896,0.2205128205128205,0.13333333333333333,0.07692307692307693,0.046153846153846156
92,1149.jpg,0.0297029702970297,0.06930693069306931,0.08415841584158416,0.06435643564356436,0.1782178217821782,0.21287128712871287,0.18811881188118812,0.09900990099009901,0.054455445544554455,0.019801980198019802
93,1151.jpg,0.0049261083743842365,0.014778325123152709,0.03940886699507389,0.10837438423645321,0.21674876847290642,0.23645320197044334,0.1724137931034483,0.11330049261083744,0.06403940886699508,0.029556650246305417
94,1152.jpg,0.01990049751243781,0.06467661691542288,0.07462686567164178,0.1791044776119403,0.22885572139303484,0.1890547263681592,0.14427860696517414,0.05970149253731343,0.029850746268656716,0.009950248756218905
95,1154.jpg,0.03015075376884422,0.08542713567839195,0.19597989949748743,0.24623115577889448,0.23618090452261306,0.09547738693467336,0.05527638190954774,0.04020100502512563,0.0,0.01507537688442211
96,1155.jpg,0.0049261083743842365,0.014778325123152709,0.03940886699507389,0.14285714285714285,0.1921182266009852,0.21182266009852216,0.19704433497536947,0.12315270935960591,0.059113300492610835,0.014778325123152709
97,1157.jpg,0.004901960784313725,0.058823529411764705,0.12254901960784313,0.16176470588235295,0.22058823529411764,0.14215686274509803,0.16176470588235295,0.07352941176470588,0.0392156862745098,0.014705882352941176
98,1158.jpg,0.005025125628140704,0.01507537688442211,0.02512562814070352,0.08542713567839195,0.1507537688442211,0.1658291457286432,0.23618090452261306,0.1708542713567839,0.10552763819095477,0.04020100502512563
99,1159.jpg,0.005,0.025,0.035,0.09,0.16,0.24,0.185,0.155,0.07,0.035
100,1160.jpg,0.1116751269035533,0.16243654822335024,0.2233502538071066,0.2182741116751269,0.15736040609137056,0.08121827411167512,0.03553299492385787,0.0,0.005076142131979695,0.005076142131979695
101,1161.jpg,0.055,0.08,0.16,0.305,0.195,0.11,0.07,0.0,0.02,0.005
102,1162.jpg,0.039603960396039604,0.0594059405940594,0.13861386138613863,0.23267326732673269,0.2376237623762376,0.09900990099009901,0.13366336633663367,0.04950495049504951,0.0049504950495049506,0.0049504950495049506
103,1164.jpg,0.0,0.00980392156862745,0.029411764705882353,0.0392156862745098,0.08333333333333333,0.10784313725490197,0.20588235294117646,0.18627450980392157,0.1715686274509804,0.16666666666666666
104,1165.jpg,0.01,0.015,0.075,0.105,0.175,0.205,0.22,0.1,0.055,0.04
105,1166.jpg,0.01,0.02,0.05,0.04,0.19,0.185,0.215,0.185,0.07,0.035
106,1167.jpg,0.020202020202020204,0.05555555555555555,0.06565656565656566,0.15151515151515152,0.21717171717171718,0.16161616161616163,0.1717171717171717,0.08585858585858586,0.04040404040404041,0.030303030303030304
107,1168.jpg,0.01485148514851485,0.06435643564356436,0.13861386138613863,0.1782178217821782,0.18811881188118812,0.19306930693069307,0.11386138613861387,0.0594059405940594,0.0297029702970297,0.019801980198019802
108,1169.jpg,0.04591836734693878,0.0663265306122449,0.17857142857142858,0.2653061224489796,0.2193877551020408,0.10714285714285714,0.061224489795918366,0.04591836734693878,0.00510204081632653,0.00510204081632653
109,1171.jpg,0.00510204081632653,0.01020408163265306,0.02040816326530612,0.09693877551020408,0.2193877551020408,0.17857142857142858,0.1989795918367347,0.15306122448979592,0.07142857142857142,0.04591836734693878
110,1172.jpg,0.005050505050505051,0.03535353535353535,0.09595959595959595,0.10606060606060606,0.23232323232323232,0.1919191919191919,0.19696969696969696,0.08080808080808081,0.025252525252525252,0.030303030303030304
111,1175.jpg,0.0049504950495049506,0.019801980198019802,0.04950495049504951,0.08415841584158416,0.15841584158415842,0.16831683168316833,0.22277227722772278,0.13366336633663367,0.11386138613861387,0.04455445544554455
112,1176.jpg,0.04712041884816754,0.13612565445026178,0.1256544502617801,0.2617801047120419,0.23036649214659685,0.09424083769633508,0.04712041884816754,0.03664921465968586,0.005235602094240838,0.015706806282722512
113,1177.jpg,0.041237113402061855,0.0979381443298969,0.11855670103092783,0.26804123711340205,0.21649484536082475,0.11855670103092783,0.10309278350515463,0.020618556701030927,0.010309278350515464,0.005154639175257732
114,1178.jpg,0.10052910052910052,0.15873015873015872,0.14285714285714285,0.20634920634920634,0.21693121693121692,0.07936507936507936,0.06878306878306878,0.021164021164021163,0.005291005291005291,0.0
115,118.jpg,0.04424778761061947,0.05309734513274336,0.09734513274336283,0.12389380530973451,0.24778761061946902,0.17699115044247787,0.11504424778761062,0.07964601769911504,0.05309734513274336,0.008849557522123894
116,1184.jpg,0.010256410256410256,0.03076923076923077,0.046153846153846156,0.07692307692307693,0.15384615384615385,0.26666666666666666,0.17435897435897435,0.14358974358974358,0.06153846153846154,0.035897435897435895
117,1185.jpg,0.17708333333333334,0.21875,0.203125,0.15104166666666666,0.11458333333333333,0.08333333333333333,0.03125,0.020833333333333332,0.0,0.0
118,1187.jpg,0.009950248756218905,0.014925373134328358,0.05472636815920398,0.05970149253731343,0.208955223880597,0.19900497512437812,0.208955223880597,0.13432835820895522,0.07960199004975124,0.029850746268656716
119,1189.jpg,0.026041666666666668,0.09895833333333333,0.171875,0.25,0.14583333333333334,0.15104166666666666,0.11458333333333333,0.03125,0.010416666666666666,0.0
120,1194.jpg,0.041884816753926704,0.17277486910994763,0.18324607329842932,0.18324607329842932,0.225130890052356,0.1099476439790576,0.05235602094240838,0.020942408376963352,0.005235602094240838,0.005235602094240838
121,1195.jpg,0.0797872340425532,0.2127659574468085,0.21808510638297873,0.23404255319148937,0.13829787234042554,0.06382978723404255,0.0425531914893617,0.005319148936170213,0.005319148936170213,0.0
122,1197.jpg,0.015306122448979591,0.04591836734693878,0.09183673469387756,0.1377551020408163,0.17857142857142858,0.2193877551020408,0.15306122448979592,0.09183673469387756,0.04591836734693878,0.02040816326530612
123,1198.jpg,0.05154639175257732,0.05670103092783505,0.0979381443298969,0.08762886597938144,0.23195876288659795,0.14948453608247422,0.11855670103092783,0.14432989690721648,0.041237113402061855,0.020618556701030927
124,1199.jpg,0.07329842931937172,0.10471204188481675,0.193717277486911,0.16753926701570682,0.2198952879581152,0.08900523560209424,0.08376963350785341,0.05235602094240838,0.0,0.015706806282722512
125,1200.jpg,0.005128205128205128,0.02564102564102564,0.06153846153846154,0.10256410256410256,0.1282051282051282,0.18461538461538463,0.24615384615384617,0.13333333333333333,0.08717948717948718,0.02564102564102564
126,1203.jpg,0.08290155440414508,0.09326424870466321,0.21761658031088082,0.25906735751295334,0.18652849740932642,0.10880829015544041,0.03626943005181347,0.010362694300518135,0.0,0.0051813471502590676
127,1204.jpg,0.07772020725388601,0.12953367875647667,0.14507772020725387,0.18134715025906736,0.20207253886010362,0.09326424870466321,0.08290155440414508,0.07253886010362694,0.010362694300518135,0.0051813471502590676
128,1205.jpg,0.015706806282722512,0.03664921465968586,0.04712041884816754,0.13612565445026178,0.18848167539267016,0.20418848167539266,0.17277486910994763,0.13612565445026178,0.05759162303664921,0.005235602094240838
129,1206.jpg,0.04081632653061224,0.0663265306122449,0.09183673469387756,0.12244897959183673,0.17857142857142858,0.14285714285714285,0.1326530612244898,0.12755102040816327,0.061224489795918366,0.03571428571428571
130,1209.jpg,0.041025641025641026,0.06153846153846154,0.08205128205128205,0.18461538461538463,0.1641025641025641,0.13846153846153847,0.17435897435897435,0.08717948717948718,0.046153846153846156,0.020512820512820513
131,1210.jpg,0.046875,0.046875,0.08854166666666667,0.125,0.15625,0.21354166666666666,0.14583333333333334,0.078125,0.0625,0.036458333333333336
132,1212.jpg,0.015706806282722512,0.031413612565445025,0.06282722513089005,0.13612565445026178,0.2356020942408377,0.18324607329842932,0.15706806282722513,0.10471204188481675,0.05235602094240838,0.020942408376963352
133,1213.jpg,0.036458333333333336,0.057291666666666664,0.10416666666666667,0.19791666666666666,0.21875,0.1875,0.109375,0.06770833333333333,0.010416666666666666,0.010416666666666666
134,1214.jpg,0.031413612565445025,0.05235602094240838,0.09424083769633508,0.13089005235602094,0.1518324607329843,0.15706806282722513,0.16753926701570682,0.1099476439790576,0.09424083769633508,0.010471204188481676
135,1218.jpg,0.07407407407407407,0.15343915343915343,0.21693121693121692,0.19047619047619047,0.21693121693121692,0.08994708994708994,0.031746031746031744,0.021164021164021163,0.0,0.005291005291005291
136,1219.jpg,0.021164021164021163,0.1111111111111111,0.1111111111111111,0.164021164021164,0.291005291005291,0.15343915343915343,0.10052910052910052,0.047619047619047616,0.0,0.0
137,122.jpg,0.0,0.05405405405405406,0.05405405405405406,0.13513513513513514,0.13513513513513514,0.18018018018018017,0.23423423423423423,0.13513513513513514,0.018018018018018018,0.05405405405405406
138,1220.jpg,0.02617801047120419,0.05759162303664921,0.11518324607329843,0.21465968586387435,0.20418848167539266,0.193717277486911,0.1099476439790576,0.05759162303664921,0.015706806282722512,0.005235602094240838
139,1224.jpg,0.06806282722513089,0.12041884816753927,0.18324607329842932,0.2513089005235602,0.20418848167539266,0.08376963350785341,0.05759162303664921,0.02617801047120419,0.005235602094240838,0.0
140,1229.jpg,0.020512820512820513,0.02564102564102564,0.041025641025641026,0.08205128205128205,0.15897435897435896,0.19487179487179487,0.15384615384615385,0.15897435897435896,0.10256410256410256,0.06153846153846154
141,123.jpg,0.036036036036036036,0.09009009009009009,0.13513513513513514,0.22522522522522523,0.18018018018018017,0.09009009009009009,0.14414414414414414,0.07207207207207207,0.02702702702702703,0.0
142,1234.jpg,0.016042780748663103,0.06951871657754011,0.13903743315508021,0.19786096256684493,0.20320855614973263,0.1657754010695187,0.13368983957219252,0.0481283422459893,0.0106951871657754,0.016042780748663103
143,1235.jpg,0.015625,0.041666666666666664,0.08854166666666667,0.13541666666666666,0.22395833333333334,0.21354166666666666,0.140625,0.078125,0.036458333333333336,0.026041666666666668
144,1237.jpg,0.005208333333333333,0.036458333333333336,0.08333333333333333,0.18229166666666666,0.2552083333333333,0.171875,0.13020833333333334,0.078125,0.052083333333333336,0.005208333333333333
145,1238.jpg,0.057291666666666664,0.09895833333333333,0.16145833333333334,0.22916666666666666,0.20833333333333334,0.109375,0.09375,0.041666666666666664,0.0,0.0
146,1239.jpg,0.015,0.02,0.045,0.05,0.095,0.18,0.255,0.13,0.105,0.105
147,124.jpg,0.009009009009009009,0.036036036036036036,0.07207207207207207,0.09009009009009009,0.17117117117117117,0.15315315315315314,0.1891891891891892,0.15315315315315314,0.08108108108108109,0.04504504504504504
148,1244.jpg,0.06735751295336788,0.09844559585492228,0.12953367875647667,0.20207253886010362,0.27461139896373055,0.13471502590673576,0.05181347150259067,0.015544041450777202,0.0051813471502590676,0.02072538860103627
149,1249.jpg,0.005319148936170213,0.005319148936170213,0.0851063829787234,0.0851063829787234,0.14893617021276595,0.19148936170212766,0.16489361702127658,0.18085106382978725,0.0851063829787234,0.047872340425531915
150,125.jpg,0.036036036036036036,0.09009009009009009,0.09009009009009009,0.1981981981981982,0.16216216216216217,0.15315315315315314,0.13513513513513514,0.11711711711711711,0.009009009009009009,0.009009009009009009
151,1253.jpg,0.29896907216494845,0.20103092783505155,0.12371134020618557,0.07731958762886598,0.05154639175257732,0.07731958762886598,0.06701030927835051,0.030927835051546393,0.020618556701030927,0.05154639175257732
152,1254.jpg,0.020942408376963352,0.08376963350785341,0.10471204188481675,0.16230366492146597,0.21465968586387435,0.1518324607329843,0.14659685863874344,0.07853403141361257,0.02617801047120419,0.010471204188481676
153,1256.jpg,0.050761421319796954,0.08629441624365482,0.116751269035533,0.13705583756345177,0.17766497461928935,0.19796954314720813,0.13705583756345177,0.04568527918781726,0.03553299492385787,0.015228426395939087
154,1257.jpg,0.04568527918781726,0.05583756345177665,0.05583756345177665,0.08629441624365482,0.14213197969543148,0.17258883248730963,0.17258883248730963,0.10152284263959391,0.08121827411167512,0.08629441624365482
155,126.jpg,0.0,0.009009009009009009,0.05405405405405406,0.04504504504504504,0.14414414414414414,0.22522522522522523,0.21621621621621623,0.2072072072072072,0.08108108108108109,0.018018018018018018
156,1260.jpg,0.020833333333333332,0.041666666666666664,0.109375,0.11979166666666667,0.21875,0.125,0.14583333333333334,0.140625,0.06770833333333333,0.010416666666666666
157,1263.jpg,0.02617801047120419,0.04712041884816754,0.07853403141361257,0.13089005235602094,0.18324607329842932,0.18324607329842932,0.19895287958115182,0.11518324607329843,0.02617801047120419,0.010471204188481676
158,1265.jpg,0.05102040816326531,0.061224489795918366,0.07142857142857142,0.16326530612244897,0.18877551020408162,0.1377551020408163,0.14795918367346939,0.11224489795918367,0.05102040816326531,0.015306122448979591
159,1267.jpg,0.03626943005181347,0.07253886010362694,0.07772020725388601,0.13989637305699482,0.21761658031088082,0.19170984455958548,0.11398963730569948,0.09326424870466321,0.03626943005181347,0.02072538860103627
160,1268.jpg,0.05128205128205128,0.05641025641025641,0.06153846153846154,0.16923076923076924,0.21025641025641026,0.22564102564102564,0.13333333333333333,0.06666666666666667,0.020512820512820513,0.005128205128205128
161,1269.jpg,0.019704433497536946,0.029556650246305417,0.04926108374384237,0.10344827586206896,0.13793103448275862,0.1625615763546798,0.1625615763546798,0.1625615763546798,0.09852216748768473,0.07389162561576355
162,1270.jpg,0.010256410256410256,0.02564102564102564,0.020512820512820513,0.07179487179487179,0.13333333333333333,0.19487179487179487,0.2205128205128205,0.1641025641025641,0.12307692307692308,0.035897435897435895
163,1272.jpg,0.12435233160621761,0.20725388601036268,0.21243523316062177,0.3005181347150259,0.09326424870466321,0.03626943005181347,0.02072538860103627,0.0051813471502590676,0.0,0.0
164,1273.jpg,0.07446808510638298,0.11702127659574468,0.1595744680851064,0.20212765957446807,0.22872340425531915,0.0797872340425532,0.0797872340425532,0.0425531914893617,0.005319148936170213,0.010638297872340425
165,1274.jpg,0.021164021164021163,0.09523809523809523,0.13227513227513227,0.14814814814814814,0.15873015873015872,0.2275132275132275,0.10582010582010581,0.06349206349206349,0.037037037037037035,0.010582010582010581
166,1279.jpg,0.09045226130653267,0.1658291457286432,0.2613065326633166,0.21105527638190955,0.1507537688442211,0.06532663316582915,0.04522613065326633,0.010050251256281407,0.0,0.0
167,128.jpg,0.026785714285714284,0.0,0.044642857142857144,0.08928571428571429,0.08928571428571429,0.14285714285714285,0.17857142857142858,0.19642857142857142,0.15178571428571427,0.08035714285714286
168,1280.jpg,0.05128205128205128,0.12307692307692308,0.14871794871794872,0.2358974358974359,0.17435897435897435,0.11282051282051282,0.08717948717948718,0.041025641025641026,0.015384615384615385,0.010256410256410256
169,1281.jpg,0.058823529411764705,0.11229946524064172,0.1711229946524064,0.2192513368983957,0.18716577540106952,0.10160427807486631,0.12299465240641712,0.0213903743315508,0.0053475935828877,0.0
170,1282.jpg,0.07608695652173914,0.15760869565217392,0.21195652173913043,0.2391304347826087,0.25,0.02717391304347826,0.03260869565217391,0.0,0.005434782608695652,0.0
171,1285.jpg,0.06914893617021277,0.16489361702127658,0.22340425531914893,0.2074468085106383,0.22340425531914893,0.06382978723404255,0.03723404255319149,0.005319148936170213,0.005319148936170213,0.0
172,1287.jpg,0.031746031746031744,0.1111111111111111,0.15873015873015872,0.21164021164021163,0.21693121693121692,0.13756613756613756,0.05291005291005291,0.06349206349206349,0.015873015873015872,0.0
173,1288.jpg,0.1134020618556701,0.15463917525773196,0.13917525773195877,0.2268041237113402,0.18041237113402062,0.11855670103092783,0.04639175257731959,0.010309278350515464,0.005154639175257732,0.005154639175257732
174,1289.jpg,0.14210526315789473,0.1736842105263158,0.2,0.20526315789473684,0.08421052631578947,0.08947368421052632,0.06842105263157895,0.005263157894736842,0.015789473684210527,0.015789473684210527
175,1293.jpg,0.04145077720207254,0.05181347150259067,0.05699481865284974,0.13989637305699482,0.12435233160621761,0.22279792746113988,0.19689119170984457,0.10362694300518134,0.05699481865284974,0.0051813471502590676
176,1294.jpg,0.020833333333333332,0.0625,0.11979166666666667,0.21354166666666666,0.203125,0.13541666666666666,0.11979166666666667,0.08854166666666667,0.020833333333333332,0.015625
177,1295.jpg,0.010471204188481676,0.031413612565445025,0.14136125654450263,0.2356020942408377,0.2356020942408377,0.16753926701570682,0.09424083769633508,0.06806282722513089,0.005235602094240838,0.010471204188481676
178,1297.jpg,0.125,0.140625,0.13541666666666666,0.21354166666666666,0.11979166666666667,0.057291666666666664,0.09895833333333333,0.0625,0.015625,0.03125
179,1298.jpg,0.047872340425531915,0.10638297872340426,0.13829787234042554,0.14893617021276595,0.2712765957446808,0.12234042553191489,0.0797872340425532,0.05851063829787234,0.010638297872340425,0.015957446808510637
180,1299.jpg,0.01639344262295082,0.04918032786885246,0.04918032786885246,0.16393442622950818,0.1366120218579235,0.18579234972677597,0.18579234972677597,0.15300546448087432,0.060109289617486336,0.0
181,130.jpg,0.03571428571428571,0.10714285714285714,0.125,0.26785714285714285,0.19642857142857142,0.14285714285714285,0.044642857142857144,0.03571428571428571,0.026785714285714284,0.017857142857142856
182,1300.jpg,0.03664921465968586,0.04712041884816754,0.16230366492146597,0.19895287958115182,0.18848167539267016,0.18324607329842932,0.10471204188481675,0.05759162303664921,0.010471204188481676,0.010471204188481676
183,1302.jpg,0.046632124352331605,0.06217616580310881,0.09844559585492228,0.15544041450777202,0.26424870466321243,0.17616580310880828,0.09326424870466321,0.07253886010362694,0.02072538860103627,0.010362694300518135
184,1304.jpg,0.02564102564102564,0.05128205128205128,0.09743589743589744,0.13846153846153847,0.16923076923076924,0.16923076923076924,0.13333333333333333,0.13846153846153847,0.05641025641025641,0.020512820512820513
185,1305.jpg,0.026595744680851064,0.031914893617021274,0.09042553191489362,0.10638297872340426,0.18617021276595744,0.2074468085106383,0.14361702127659576,0.14361702127659576,0.05319148936170213,0.010638297872340425
186,1306.jpg,0.015706806282722512,0.07329842931937172,0.18324607329842932,0.2513089005235602,0.2356020942408377,0.13089005235602094,0.05759162303664921,0.031413612565445025,0.005235602094240838,0.015706806282722512
187,1307.jpg,0.010638297872340425,0.05851063829787234,0.06914893617021277,0.13297872340425532,0.21808510638297873,0.2074468085106383,0.17553191489361702,0.07446808510638298,0.031914893617021274,0.02127659574468085
188,1308.jpg,0.052083333333333336,0.140625,0.15625,0.23958333333333334,0.1875,0.11458333333333333,0.078125,0.026041666666666668,0.005208333333333333,0.0
189,131.jpg,0.0,0.008928571428571428,0.07142857142857142,0.13392857142857142,0.19642857142857142,0.21428571428571427,0.14285714285714285,0.125,0.08035714285714286,0.026785714285714284
190,1310.jpg,0.13829787234042554,0.1702127659574468,0.2393617021276596,0.18617021276595744,0.11170212765957446,0.09042553191489362,0.031914893617021274,0.026595744680851064,0.005319148936170213,0.0
191,1311.jpg,0.02617801047120419,0.06806282722513089,0.08900523560209424,0.11518324607329843,0.23036649214659685,0.1256544502617801,0.15706806282722513,0.13089005235602094,0.04712041884816754,0.010471204188481676
192,1313.jpg,0.04736842105263158,0.14736842105263157,0.1736842105263158,0.2789473684210526,0.15789473684210525,0.11052631578947368,0.042105263157894736,0.031578947368421054,0.005263157894736842,0.005263157894736842
193,1314.jpg,0.03684210526315789,0.06842105263157895,0.07894736842105263,0.18421052631578946,0.20526315789473684,0.15789473684210525,0.1,0.1368421052631579,0.031578947368421054,0.0
194,1315.jpg,0.031413612565445025,0.07853403141361257,0.08376963350785341,0.18848167539267016,0.24083769633507854,0.13612565445026178,0.14659685863874344,0.05235602094240838,0.041884816753926704,0.0
195,1316.jpg,0.15873015873015872,0.15873015873015872,0.20634920634920634,0.20105820105820105,0.164021164021164,0.05291005291005291,0.05291005291005291,0.005291005291005291,0.0,0.0
196,1317.jpg,0.03125,0.041666666666666664,0.07291666666666667,0.13541666666666666,0.11979166666666667,0.203125,0.14583333333333334,0.16145833333333334,0.0625,0.026041666666666668
197,132.jpg,0.00909090909090909,0.0,0.03636363636363636,0.02727272727272727,0.10909090909090909,0.21818181818181817,0.18181818181818182,0.15454545454545454,0.10909090909090909,0.15454545454545454
198,1321.jpg,0.08602150537634409,0.13978494623655913,0.1827956989247312,0.25806451612903225,0.12903225806451613,0.08064516129032258,0.06451612903225806,0.043010752688172046,0.005376344086021506,0.010752688172043012
199,1322.jpg,0.04639175257731959,0.08762886597938144,0.17010309278350516,0.25773195876288657,0.23711340206185566,0.1134020618556701,0.05154639175257732,0.03608247422680412,0.0,0.0
200,1324.jpg,0.03076923076923077,0.05128205128205128,0.11282051282051282,0.15384615384615385,0.2153846153846154,0.2153846153846154,0.11794871794871795,0.06666666666666667,0.03076923076923077,0.005128205128205128
201,1326.jpg,0.02577319587628866,0.061855670103092786,0.030927835051546393,0.11855670103092783,0.1134020618556701,0.20618556701030927,0.16494845360824742,0.17010309278350516,0.061855670103092786,0.04639175257731959
